[CH3CN_K7]
chanran = 728 753
freq = 220.53932350 GHz
transition = 12(7) - 11(7)
Elow = 408.0520 K

[CH3CN_K8]
chanran = 862 885
freq = 220.47580720 GHz
transition = 12(8) - 11(8)
Elow = 514.9976 K
