[DEFAULT]
v_lsr = -46.9
source_section = ALMA_B6_config5_spw3
PAs = 90 degree
length = 3.0 arcsec
width = 0.35 arcsec

[ch3cn_k4]
line_freq = 220.67928690 GHz
chan_slab = 440 473

[ch3cn_k7]
line_freq = 220.53932350 GHz
chan_slab = 728 754

[HDCO]
line_freq = 220.02940780 GHz
chan_slab = 1775 1811

[13CO]
PAs = 90 20 120 degree
line_freq = 220.39868420 GHz
chan_slab = 990 1075
length = 10.0 arcsec


